function cfg = config
    cfg.mu = 1/81.45;
    cfg.x_init = [0.87978; 0; 0; 0; -0.3797; 0];
    cfg.t_max = 19.14045706162071;
    cfg.N = 6000;
end

